 E   N  EC PA T  A  V  I  In M  C  Vi   S  S
--------------------------------------------
{28, 1,	1, 3, 1, 2, 2, 2, 0, 9, 2, 0,   1, 1},
{27, 1,	2, 2, 2, 4, 1, 2, 0, 12, 2, 0,  1, 0},
{29, 1,	4, 2, 1, 9, 2, 1, 0, 6, 1, 1,   1, 1},
{38, 1,	3, 0, 6, 0, 2, 2, 37, 1, 2, 1,  1, 1},
{28, 2,	1, 5, 3, 6, 2, 4, 33, 15, 4, 1, 1, 0},
{49, 1,	4, 8, 2, 5, 3, 2, 17, 7, 1, 2,  0, 1},
{46, 1,	4, 2, 1, 4, 2, 1, 0, 6, 1, 1,   1, 1},
{41, 1,	2, 4, 2, 19, 1, 3,34, 14, 4, 1, 1, 0}, 
{24, 1,	1, 0, 4, 2, 2, 2, 0, 27, 1, 0,  1, 1},
{58, 1,	2, 4, 1, 5, 2, 2, 0, 4, 1, 0,   0, 1},
{29, 1, 2, 1, 1, 4, 1, 2, 19, 15, 2, 0, 1, 0},
{31, 1,	4, 8, 2, 3, 3, 2, 17, 7, 1, 2,  0, 1}, 
{37, 2,	4, 6, 4, 10, 3, 1, 30, 9, 3, 1, 1, 1},
{45, 1,	2, 0, 4, 5, 3, 2, 18, 4, 3, 3,  1, 1},
{36, 1,	1, 0, 3, 4, 2, 2, 19, 8, 3, 0,  1, 0},
{34, 1,	1, 0, 7, 0, 3, 1, 19, 4, 2, 0,  1, 1},
{52, 1,	2, 5, 2, 3, 3, 2, 16, 7, 2, 3,  0, 1},
{35, 2,	2, 4, 2, 12, 1, 3,28, 14, 3, 1, 1, 0},
{22, 1,	2, 5, 2, 3, 3, 2, 16, 7, 2, 3,  0, 1},
{43, 1,	1, 3, 1, 1, 2, 2, 0, 8, 4, 1,   1, 1},
{39, 2,	1, 7, 1, 3, 3, 1, 0, 7, 2, 3,   0, 1},

S S (Salida de la red)
----------------------
1 0 (Apto)
0 1 (No Apto)
1 1 (Dudoso)